{
 "cells": [
  {
   "cell_type": "code",
   "execution_count": 16,
   "metadata": {},
   "outputs": [
    {
     "name": "stdout",
     "output_type": "stream",
     "text": [
      "\n",
      "Coefficient Matrix is : \n",
      "\n",
      " [[1.00e+00 1.30e+03 2.70e+00]\n",
      " [1.00e+00 1.26e+03 3.70e+00]\n",
      " [1.00e+00 1.22e+03 2.90e+00]\n",
      " [1.00e+00 1.18e+03 2.50e+00]\n",
      " [1.00e+00 1.06e+03 3.90e+00]\n",
      " [1.00e+00 1.14e+03 2.10e+00]\n",
      " [1.00e+00 1.10e+03 3.50e+00]\n",
      " [1.00e+00 1.02e+03 3.30e+00]\n",
      " [1.00e+00 9.80e+02 2.30e+00]\n",
      " [1.00e+00 9.40e+02 3.10e+00]]\n",
      "\n",
      "Dependent Matrix is : \n",
      "\n",
      " [[1]\n",
      " [1]\n",
      " [1]\n",
      " [1]\n",
      " [1]\n",
      " [0]\n",
      " [0]\n",
      " [0]\n",
      " [0]\n",
      " [0]]\n",
      "\n",
      "Regression Coefficients are : \n",
      "\n",
      " [[-3.83919635e+00]\n",
      " [ 3.23263173e-03]\n",
      " [ 2.39549603e-01]]\n",
      "\n",
      "Yhat Matrix is : \n",
      "\n",
      " [[ 1.01000883]\n",
      " [ 1.12025316]\n",
      " [ 0.79930821]\n",
      " [ 0.5741831 ]\n",
      " [ 0.52163674]\n",
      " [ 0.34905799]\n",
      " [ 0.55512217]\n",
      " [ 0.24860171]\n",
      " [-0.12025316]\n",
      " [-0.05791875]]\n",
      "\n",
      "Error Matrix is : \n",
      "\n",
      " [[-0.01000883]\n",
      " [-0.12025316]\n",
      " [ 0.20069179]\n",
      " [ 0.4258169 ]\n",
      " [ 0.47836326]\n",
      " [-0.34905799]\n",
      " [-0.55512217]\n",
      " [-0.24860171]\n",
      " [ 0.12025316]\n",
      " [ 0.05791875]]\n",
      "\n",
      "Sum of squares due to error is : \n",
      "\n",
      " [[0.97460995]]\n",
      "\n",
      "Sum of squares due to total is : \n",
      "\n",
      " [[2.5]]\n",
      "\n",
      "Sum of squares due to regression model is : \n",
      "\n",
      " [[1.52539005]]\n"
     ]
    }
   ],
   "source": [
    "# LDA 1\n",
    "import numpy as np\n",
    "x=np.array([[1,1300,2.7],[1,1260,3.7],[1,1220,2.9],[1,1180,2.5],[1,1060,3.9],[1,1140,2.1],[1,1100,3.5],[1,1020,3.3],[1,980,2.3],[1,940,3.1]])\n",
    "print('\\nCoefficient Matrix is : \\n\\n',x)\n",
    "yt=np.array([[1,1,1,1,1,0,0,0,0,0]])\n",
    "y=np.transpose(yt)\n",
    "print('\\nDependent Matrix is : \\n\\n',y)\n",
    "xt=np.transpose(x)\n",
    "betahat=np.matmul(np.linalg.inv(np.matmul(xt,x)),np.matmul(xt,y))\n",
    "print('\\nRegression Coefficients are : \\n\\n',betahat)\n",
    "yhat=np.matmul(x,betahat)\n",
    "print('\\nYhat Matrix is : \\n\\n',yhat)\n",
    "eps=y-yhat\n",
    "print('\\nError Matrix is : \\n\\n',eps)\n",
    "sse=np.matmul(np.transpose(eps),eps)\n",
    "print('\\nSum of squares due to error is : \\n\\n',sse)\n",
    "sst=np.matmul(np.transpose(y-np.mean(y,axis=0)),y-np.mean(y,axis=0))\n",
    "print('\\nSum of squares due to total is : \\n\\n',sst)\n",
    "ssr=sst-sse\n",
    "print('\\nSum of squares due to regression model is : \\n\\n',ssr)"
   ]
  },
  {
   "cell_type": "code",
   "execution_count": 47,
   "metadata": {},
   "outputs": [
    {
     "name": "stdout",
     "output_type": "stream",
     "text": [
      "\n",
      "A Matrix is:\n",
      "\n",
      "[[2.95 6.63]\n",
      " [2.53 7.79]\n",
      " [3.57 5.65]\n",
      " [3.16 5.47]]\n",
      "\n",
      "Mean of A:\n",
      "\n",
      "[3.0525 6.385 ]\n",
      "\n",
      "B Matrix is:\n",
      "\n",
      "[[2.58 4.46]\n",
      " [2.16 6.22]\n",
      " [3.27 3.52]]\n",
      "\n",
      "Mean of B:\n",
      "\n",
      "[2.67       4.73333333]\n",
      "\n",
      "The Full Matrix is :\n",
      "\n",
      "[[2.95 6.63]\n",
      " [2.53 7.79]\n",
      " [3.57 5.65]\n",
      " [3.16 5.47]\n",
      " [2.58 4.46]\n",
      " [2.16 6.22]\n",
      " [3.27 3.52]]\n",
      "\n",
      "Mean of Full Matrix:\n",
      "\n",
      "[2.88857143 5.67714286]\n",
      "\n",
      "The Scaled Matrix is :\n",
      "\n",
      "[[ 0.06142857  0.95285714]\n",
      " [-0.35857143  2.11285714]\n",
      " [ 0.68142857 -0.02714286]\n",
      " [ 0.27142857 -0.20714286]\n",
      " [-0.30857143 -1.21714286]\n",
      " [-0.72857143  0.54285714]\n",
      " [ 0.38142857 -2.15714286]]\n",
      "\n",
      "The Variance Covariance Matrix is :\n",
      "\n",
      "[[ 0.21 -0.23]\n",
      " [-0.23  1.69]]\n",
      "\n",
      "The inverse of Pooled Covariance Matrix is :\n",
      "\n",
      "[[5.73171449 0.78221769]\n",
      " [0.78221769 0.69771022]]\n",
      "\n",
      "f1 = 43.83\n",
      "f2 = 43.86\n"
     ]
    }
   ],
   "source": [
    "# LDA 2\n",
    "import numpy as np \n",
    "import math\n",
    "obs=np.array([2.81,5.46])\n",
    "A=np.array([[2.95,6.63],[2.53,7.79],[3.57,5.65],[3.16,5.47]])\n",
    "print('\\nA Matrix is:\\n\\n{}'.format(A))\n",
    "A=np.mean(A,axis=0)\n",
    "print('\\nMean of A:\\n\\n{}'.format(A))\n",
    "B=np.array([[2.58,4.46],[2.16,6.22],[3.27,3.52]])\n",
    "print('\\nB Matrix is:\\n\\n{}'.format(B))\n",
    "B=B.mean(axis=0)\n",
    "print('\\nMean of B:\\n\\n{}'.format(B))\n",
    "FM=np.array([[2.95,6.63],[2.53,7.79],[3.57,5.65],[3.16,5.47],[2.58,4.46],[2.16,6.22],[3.27,3.52]])\n",
    "print('\\nThe Full Matrix is :\\n\\n{}'.format(FM))\n",
    "print('\\nMean of Full Matrix:\\n\\n{}'.format(np.mean(FM,axis=0)))\n",
    "FM = (FM-np.mean(FM, axis=0))\n",
    "print('\\nThe Scaled Matrix is :\\n\\n{}'.format(FM))\n",
    "PoolCov=np.matmul(np.transpose(FM),FM)/7\n",
    "print('\\nThe Variance Covariance Matrix is :\\n\\n{}'.format(np.round(PoolCov,2)))\n",
    "pcinv=np.linalg.inv(PoolCov)\n",
    "print('\\nThe inverse of Pooled Covariance Matrix is :\\n\\n{}'.format(pcinv))\n",
    "mu1=A\n",
    "mu2=B\n",
    "f1=np.matmul(np.matmul(mu1,pcinv),np.transpose(obs))-(0.5*(np.matmul(np.matmul(mu1,pcinv),np.transpose(mu1))))+(math.log(4/7))\n",
    "f2=np.matmul(np.matmul(mu2,pcinv),np.transpose(obs))-(0.5*(np.matmul(np.matmul(mu2,pcinv),np.transpose(mu2))))+(math.log(3/7))\n",
    "print('\\nf1 = {}'.format(np.round(f1,2)))\n",
    "print('f2 = {}'.format(np.round(f2,2)))"
   ]
  },
  {
   "cell_type": "code",
   "execution_count": 48,
   "metadata": {},
   "outputs": [
    {
     "name": "stdout",
     "output_type": "stream",
     "text": [
      "\n",
      "A Matrix is:\n",
      "\n",
      "[[4 2]\n",
      " [2 4]\n",
      " [2 3]\n",
      " [3 6]\n",
      " [4 4]]\n",
      "\n",
      "Mean of A:\n",
      "\n",
      "[3.  3.8]\n",
      "\n",
      "B Matrix is:\n",
      "\n",
      "[[ 9 10]\n",
      " [ 6  8]\n",
      " [ 9  5]\n",
      " [ 8  7]\n",
      " [10  8]]\n",
      "\n",
      "Mean of B:\n",
      "\n",
      "[8.4 7.6]\n",
      "\n",
      "The Full Matrix is :\n",
      "\n",
      "[[ 4  2]\n",
      " [ 2  4]\n",
      " [ 2  3]\n",
      " [ 3  6]\n",
      " [ 4  4]\n",
      " [ 9 10]\n",
      " [ 6  8]\n",
      " [ 9  5]\n",
      " [ 8  7]\n",
      " [10  8]]\n",
      "\n",
      "Mean of Full Matrix:\n",
      "\n",
      "[5.7 5.7]\n",
      "\n",
      "The Scaled Matrix is :\n",
      "\n",
      "[[-1.7 -3.7]\n",
      " [-3.7 -1.7]\n",
      " [-3.7 -2.7]\n",
      " [-2.7  0.3]\n",
      " [-1.7 -1.7]\n",
      " [ 3.3  4.3]\n",
      " [ 0.3  2.3]\n",
      " [ 3.3 -0.7]\n",
      " [ 2.3  1.3]\n",
      " [ 4.3  2.3]]\n",
      "\n",
      "The Variance Covariance Matrix is :\n",
      "\n",
      "[[8.61 5.01]\n",
      " [5.01 5.81]]\n",
      "\n",
      "The inverse of Pooled Covariance Matrix is :\n",
      "\n",
      "[[ 0.23310865 -0.20101107]\n",
      " [-0.20101107  0.34545017]]\n",
      "\n",
      "\n",
      "f1 = 1.99\n",
      "f2 = 1.71\n"
     ]
    }
   ],
   "source": [
    "# LDA 3\n",
    "import numpy as np \n",
    "import math\n",
    "obs=np.array([5,6])\n",
    "A=np.array([[4,2],[2,4],[2,3],[3,6],[4,4]])\n",
    "print('\\nA Matrix is:\\n\\n{}'.format(A))\n",
    "A=A.mean(axis=0)\n",
    "print('\\nMean of A:\\n\\n{}'.format(A))\n",
    "B=np.array([[9,10],[6,8],[9,5],[8,7],[10,8]])\n",
    "print('\\nB Matrix is:\\n\\n{}'.format(B))\n",
    "B=B.mean(axis=0)\n",
    "print('\\nMean of B:\\n\\n{}'.format(B))\n",
    "FM=np.array([[4,2],[2,4],[2,3],[3,6],[4,4],[9,10],[6,8],[9,5],[8,7],[10,8]])\n",
    "print('\\nThe Full Matrix is :\\n\\n{}'.format(FM))\n",
    "print('\\nMean of Full Matrix:\\n\\n{}'.format(np.mean(FM,axis=0)))\n",
    "FM = (FM - np.mean(FM, axis=0))\n",
    "print('\\nThe Scaled Matrix is :\\n\\n{}'.format(FM))\n",
    "PoolCov=np.dot(np.transpose(FM),FM)/10\n",
    "print('\\nThe Variance Covariance Matrix is :\\n\\n{}'.format(np.round(PoolCov,2)))\n",
    "pcinv=np.linalg.inv(PoolCov)\n",
    "print('\\nThe inverse of Pooled Covariance Matrix is :\\n\\n{}'.format(pcinv))\n",
    "mu1=A\n",
    "mu2=B\n",
    "f1=np.dot(np.dot(mu1,pcinv),np.transpose(obs))-(0.5*(np.dot(np.dot(mu1,pcinv),np.transpose(mu1))))+(math.log(5/10))\n",
    "f2=np.dot(np.dot(mu2,pcinv),np.transpose(obs))-(0.5*(np.dot(np.dot(mu2,pcinv),np.transpose(mu2))))+(math.log(5/10))\n",
    "print('\\n\\nf1 = {}'.format(np.round(f1,2)))\n",
    "print('f2 = {}'.format(np.round(f2,2)))"
   ]
  },
  {
   "cell_type": "code",
   "execution_count": 49,
   "metadata": {},
   "outputs": [
    {
     "name": "stdout",
     "output_type": "stream",
     "text": [
      "\n",
      "A Matrix is:\n",
      "\n",
      "[[1 2]\n",
      " [2 3]\n",
      " [3 3]\n",
      " [4 5]\n",
      " [5 5]]\n",
      "\n",
      "Mean of A:\n",
      "\n",
      "[3.  3.6]\n",
      "\n",
      "B Matrix is:\n",
      "\n",
      "[[4 2]\n",
      " [5 0]\n",
      " [5 2]\n",
      " [3 2]\n",
      " [5 3]\n",
      " [6 3]]\n",
      "\n",
      "Mean of B:\n",
      "\n",
      "[4.66666667 2.        ]\n",
      "\n",
      "The Full Matrix is :\n",
      "\n",
      "[[1 2]\n",
      " [2 3]\n",
      " [3 3]\n",
      " [4 5]\n",
      " [5 5]\n",
      " [4 2]\n",
      " [5 0]\n",
      " [5 2]\n",
      " [3 2]\n",
      " [5 3]\n",
      " [6 3]]\n",
      "\n",
      "Mean of Full Matrix:\n",
      "\n",
      "[3.90909091 2.72727273]\n",
      "\n",
      "The Scaled Matrix is :\n",
      "\n",
      "[[-2.90909091 -0.72727273]\n",
      " [-1.90909091  0.27272727]\n",
      " [-0.90909091  0.27272727]\n",
      " [ 0.09090909  2.27272727]\n",
      " [ 1.09090909  2.27272727]\n",
      " [ 0.09090909 -0.72727273]\n",
      " [ 1.09090909 -2.72727273]\n",
      " [ 1.09090909 -0.72727273]\n",
      " [-0.90909091 -0.72727273]\n",
      " [ 1.09090909  0.27272727]\n",
      " [ 2.09090909  0.27272727]]\n",
      "\n",
      "The Variance Covariance Matrix is :\n",
      "\n",
      "[[2.08 0.16]\n",
      " [0.16 1.83]]\n",
      "\n",
      "The inverse of Pooled Covariance Matrix is :\n",
      "\n",
      "[[ 0.48327726 -0.04136157]\n",
      " [-0.04136157  0.548585  ]]\n",
      "\n",
      "\n",
      "f1 = 6.49\n",
      "f2 = 7.39\n"
     ]
    }
   ],
   "source": [
    "# LDA 4\n",
    "import numpy as np \n",
    "import math\n",
    "obs=np.array([5.1,3.2])#observations to be classified\n",
    "A=np.array([[1,2],[2,3],[3,3],[4,5],[5,5]])\n",
    "print('\\nA Matrix is:\\n\\n{}'.format(A))\n",
    "A=A.mean(axis=0)\n",
    "print('\\nMean of A:\\n\\n{}'.format(A))\n",
    "B=np.array([[4,2],[5,0],[5,2],[3,2],[5,3],[6,3]])\n",
    "print('\\nB Matrix is:\\n\\n{}'.format(B))\n",
    "B=B.mean(axis=0)\n",
    "print('\\nMean of B:\\n\\n{}'.format(B))\n",
    "FM=np.array([[1,2],[2,3],[3,3],[4,5],[5,5],[4,2],[5,0],[5,2],[3,2],[5,3],[6,3]])\n",
    "print('\\nThe Full Matrix is :\\n\\n{}'.format(FM))\n",
    "print('\\nMean of Full Matrix:\\n\\n{}'.format(np.mean(FM,axis=0)))\n",
    "FM = (FM - np.mean(FM, axis=0))\n",
    "print('\\nThe Scaled Matrix is :\\n\\n{}'.format(FM))\n",
    "PoolCov=np.dot(np.transpose(FM),FM)/11\n",
    "print('\\nThe Variance Covariance Matrix is :\\n\\n{}'.format(np.round(PoolCov,2)))\n",
    "pcinv=np.linalg.inv(PoolCov)\n",
    "print('\\nThe inverse of Pooled Covariance Matrix is :\\n\\n{}'.format(pcinv))\n",
    "mu1=A\n",
    "mu2=B\n",
    "f1=np.dot(np.dot(mu1,pcinv),np.transpose(obs))-(0.5*(np.dot(np.dot(mu1,pcinv),np.transpose(mu1))))+(math.log(5/11))\n",
    "f2=np.dot(np.dot(mu2,pcinv),np.transpose(obs))-(0.5*(np.dot(np.dot(mu2,pcinv),np.transpose(mu2))))+(math.log(6/11))\n",
    "print('\\n\\nf1 = {}'.format(np.round(f1,2)))\n",
    "print('f2 = {}'.format(np.round(f2,2)))"
   ]
  },
  {
   "cell_type": "code",
   "execution_count": 50,
   "metadata": {},
   "outputs": [
    {
     "name": "stdout",
     "output_type": "stream",
     "text": [
      "\n",
      "Given Matrix is \n",
      "\n",
      "[[ 2.   4. ]\n",
      " [ 1.   3. ]\n",
      " [ 0.   1. ]\n",
      " [-1.   0.5]]\n",
      "\n",
      "Col Means are \n",
      "[0.5   2.125]\n",
      "\n",
      "Scaled Matrix is \n",
      "\n",
      "[[ 1.5    1.875]\n",
      " [ 0.5    0.875]\n",
      " [-0.5   -1.125]\n",
      " [-1.5   -1.625]]\n",
      "\n",
      "Variance Covariance Matrix is \n",
      "\n",
      "[[1.25     1.5625  ]\n",
      " [1.5625   2.046875]]\n",
      "\n",
      "The Eigen values are :\n",
      "\n",
      "0.03593674297498417, 3.2609382570250163\n",
      "\n",
      "The Eigen vectors are :\n",
      "\n",
      "[[-0.78964958 -0.6135581 ]\n",
      " [ 0.6135581  -0.78964958]]\n"
     ]
    }
   ],
   "source": [
    "# PCA 1\n",
    "import numpy as np \n",
    "X=np.array([[2,4],[1,3],[0,1],[-1,0.5]])\n",
    "print('\\nGiven Matrix is \\n')\n",
    "print(X)\n",
    "print('\\nCol Means are \\n{}'.format(X.mean(axis=0)))\n",
    "X=(X-np.mean(X,axis=0))\n",
    "print('\\nScaled Matrix is \\n')\n",
    "print(X)\n",
    "VarCov=np.dot(np.transpose(X),X)/len(X)\n",
    "print('\\nVariance Covariance Matrix is \\n')\n",
    "print(VarCov)\n",
    "e1=np.linalg.eig(VarCov)\n",
    "print('\\nThe Eigen values are :\\n\\n{}, {}'.format(e1[0][0],e1[0][1]))\n",
    "print('\\nThe Eigen vectors are :\\n')\n",
    "print(e1[1])"
   ]
  },
  {
   "cell_type": "code",
   "execution_count": 5,
   "metadata": {},
   "outputs": [
    {
     "name": "stdout",
     "output_type": "stream",
     "text": [
      "\n",
      "Given Matrix is \n",
      "\n",
      "[[90 60 90]\n",
      " [90 90 30]\n",
      " [60 60 60]\n",
      " [60 60 90]\n",
      " [30 30 30]]\n",
      "\n",
      "Col Means are \n",
      "[66. 60. 60.]\n",
      "\n",
      "Scaled Matrix is \n",
      "\n",
      "[[ 24.   0.  30.]\n",
      " [ 24.  30. -30.]\n",
      " [ -6.   0.   0.]\n",
      " [ -6.   0.  30.]\n",
      " [-36. -30. -30.]]\n",
      "\n",
      "Variance Covariance Matrix is \n",
      "\n",
      "[[504. 360. 180.]\n",
      " [360. 360.   0.]\n",
      " [180.   0. 720.]]\n",
      "\n",
      "The Eigen values are :\n",
      "\n",
      "44.81966028263878, 910.0699530410367, 629.1103866763253\n",
      "\n",
      "The Eigen vectors are :\n",
      "\n",
      "[[ 0.6487899  -0.65580225 -0.3859988 ]\n",
      " [-0.74104991 -0.4291978  -0.51636642]\n",
      " [-0.17296443 -0.62105769  0.7644414 ]]\n"
     ]
    }
   ],
   "source": [
    "# PCA 2\n",
    "import numpy as np \n",
    "import pandas as pd\n",
    "X=np.array([[90,60,90],[90,90,30],[60,60,60],[60,60,90],[30,30,30]])\n",
    "print('\\nGiven Matrix is \\n')\n",
    "print(X)\n",
    "print('\\nCol Means are \\n{}'.format(X.mean(axis=0)))\n",
    "X=(X-np.mean(X,axis=0))\n",
    "print('\\nScaled Matrix is \\n')\n",
    "print(X)\n",
    "VarCov=np.dot(np.transpose(X),X)/len(X)\n",
    "print('\\nVariance Covariance Matrix is \\n')\n",
    "print(VarCov)\n",
    "e1=np.linalg.eig(VarCov)\n",
    "print('\\nThe Eigen values are :\\n\\n{}, {}, {}'.format(e1[0][0],e1[0][1],e1[0][2]))\n",
    "print('\\nThe Eigen vectors are :\\n')\n",
    "print(e1[1])"
   ]
  },
  {
   "cell_type": "code",
   "execution_count": 52,
   "metadata": {},
   "outputs": [
    {
     "name": "stdout",
     "output_type": "stream",
     "text": [
      "\n",
      "Given Matrix is \n",
      "\n",
      "[[7 4 3]\n",
      " [4 1 8]\n",
      " [6 3 5]\n",
      " [8 6 1]\n",
      " [8 5 7]\n",
      " [7 2 9]\n",
      " [5 3 3]\n",
      " [9 5 8]\n",
      " [7 4 5]\n",
      " [8 2 2]]\n",
      "\n",
      "Col Means are \n",
      "[6.9 3.5 5.1]\n",
      "\n",
      "Scaled Matrix is \n",
      "\n",
      "[[ 0.1  0.5 -2.1]\n",
      " [-2.9 -2.5  2.9]\n",
      " [-0.9 -0.5 -0.1]\n",
      " [ 1.1  2.5 -4.1]\n",
      " [ 1.1  1.5  1.9]\n",
      " [ 0.1 -1.5  3.9]\n",
      " [-1.9 -0.5 -2.1]\n",
      " [ 2.1  1.5  2.9]\n",
      " [ 0.1  0.5 -0.1]\n",
      " [ 1.1 -1.5 -3.1]]\n",
      "\n",
      "Variance Covariance Matrix is \n",
      "\n",
      "[[ 2.09  1.45 -0.39]\n",
      " [ 1.45  2.25 -1.15]\n",
      " [-0.39 -1.15  7.09]]\n",
      "\n",
      "The Eigen values are :\n",
      "\n",
      "[0.67493534 3.30851634 7.44654832]\n",
      "\n",
      "The Eigen vectors are :\n",
      "\n",
      "[[-0.70172743  0.69903712 -0.1375708 ]\n",
      " [ 0.70745703  0.66088917 -0.25045969]\n",
      " [ 0.08416157  0.27307986  0.95830278]]\n"
     ]
    }
   ],
   "source": [
    "# PCA 3\n",
    "import numpy as np \n",
    "X=np.array([[7,4,3],[4,1,8],[6,3,5],[8,6,1],[8,5,7],[7,2,9],[5,3,3],[9,5,8],[7,4,5],[8,2,2]])\n",
    "print('\\nGiven Matrix is \\n')\n",
    "print(X)\n",
    "print('\\nCol Means are \\n{}'.format(X.mean(axis=0)))\n",
    "X=(X-np.mean(X,axis=0))\n",
    "print('\\nScaled Matrix is \\n')\n",
    "print(X)\n",
    "VarCov=np.dot(np.transpose(X),X)/len(X)\n",
    "print('\\nVariance Covariance Matrix is \\n')\n",
    "print(VarCov)\n",
    "e1=np.linalg.eig(VarCov)\n",
    "print('\\nThe Eigen values are :\\n\\n{}'.format(e1[0]))\n",
    "print('\\nThe Eigen vectors are :\\n')\n",
    "print(e1[1])"
   ]
  },
  {
   "cell_type": "code",
   "execution_count": 53,
   "metadata": {},
   "outputs": [
    {
     "name": "stdout",
     "output_type": "stream",
     "text": [
      "\n",
      "Given Matrix is \n",
      "\n",
      "[[16 16 13 18 16 15 14 16 16]\n",
      " [18 19 15 16 18 18 18 17 19]\n",
      " [17 17 14 14 17 17 20 14 15]\n",
      " [17 17 17 16 18 18 16 20 14]\n",
      " [16 15 17 17 18 18 19 16 19]\n",
      " [15 17 16 17 18 18 15 19 16]\n",
      " [17 16 16 18 18 18 17 15 18]\n",
      " [20 18 16 20 15 15 19 14 17]\n",
      " [14 16 18 17 19 19 18 17 18]\n",
      " [16 16 15 19 18 18 18 15 14]\n",
      " [18 19 16 14 14 14 17 16 13]\n",
      " [19 15 15 18 16 16 18 19 17]]\n",
      "\n",
      "Col Means are \n",
      "\n",
      "[16.9167 16.75   15.6667 17.     17.0833 17.     17.4167 16.5    16.3333]\n",
      "\n",
      "Scaled Matrix is \n",
      "\n",
      "[[-0.9167 -0.75   -2.6667  1.     -1.0833 -2.     -3.4167 -0.5    -0.3333]\n",
      " [ 1.0833  2.25   -0.6667 -1.      0.9167  1.      0.5833  0.5     2.6667]\n",
      " [ 0.0833  0.25   -1.6667 -3.     -0.0833  0.      2.5833 -2.5    -1.3333]\n",
      " [ 0.0833  0.25    1.3333 -1.      0.9167  1.     -1.4167  3.5    -2.3333]\n",
      " [-0.9167 -1.75    1.3333  0.      0.9167  1.      1.5833 -0.5     2.6667]\n",
      " [-1.9167  0.25    0.3333  0.      0.9167  1.     -2.4167  2.5    -0.3333]\n",
      " [ 0.0833 -0.75    0.3333  1.      0.9167  1.     -0.4167 -1.5     1.6667]\n",
      " [ 3.0833  1.25    0.3333  3.     -2.0833 -2.      1.5833 -2.5     0.6667]\n",
      " [-2.9167 -0.75    2.3333  0.      1.9167  2.      0.5833  0.5     1.6667]\n",
      " [-0.9167 -0.75   -0.6667  2.      0.9167  1.      0.5833 -1.5    -2.3333]\n",
      " [ 1.0833  2.25    0.3333 -3.     -3.0833 -3.     -0.4167 -0.5    -3.3333]\n",
      " [ 2.0833 -1.75   -0.6667  1.     -1.0833 -1.      0.5833  2.5     0.6667]]\n",
      "\n",
      "Variance Covariance Matrix is \n",
      "\n",
      "[[ 2.5764  0.8125 -0.5278  0.3333 -1.5764 -1.5     0.8681 -0.5417 -0.1389]\n",
      " [ 0.8125  1.6875 -0.0833 -0.9167 -0.7292 -0.6667  0.0208 -0.2917 -0.6667]\n",
      " [-0.5278 -0.0833  1.7222  0.      0.6944  0.9167  0.3889  0.75    0.5278]\n",
      " [ 0.3333 -0.9167  0.      3.      0.1667  0.0833 -0.25   -0.4167  1.0833]\n",
      " [-1.5764 -0.7292  0.6944  0.1667  2.0764  2.1667  0.0486  0.7083  1.1389]\n",
      " [-1.5    -0.6667  0.9167  0.0833  2.1667  2.3333  0.3333  0.75    1.1667]\n",
      " [ 0.8681  0.0208  0.3889 -0.25    0.0486  0.3333  2.7431 -1.5417  0.7778]\n",
      " [-0.5417 -0.2917  0.75   -0.4167  0.7083  0.75   -1.5417  3.5833 -0.1667]\n",
      " [-0.1389 -0.6667  0.5278  1.0833  1.1389  1.1667  0.7778 -0.1667  3.7222]]\n",
      "\n",
      "The Eigen values are :\n",
      "\n",
      "[7.6854e+00 5.4920e+00 3.5973e+00 2.6693e+00 1.8620e-01 6.3000e-03\n",
      " 1.6726e+00 9.4870e-01 1.1867e+00]\n",
      "\n",
      "The Eigen vectors are :\n",
      "\n",
      "[[ 0.4002  0.2255 -0.1497 -0.5283 -0.5619  0.044   0.1475  0.3568  0.144 ]\n",
      " [ 0.2452 -0.0819  0.2337 -0.2483  0.3514  0.0224 -0.2274  0.4255 -0.6783]\n",
      " [-0.238  -0.0087  0.1633 -0.2989 -0.2643  0.065   0.4672 -0.506  -0.528 ]\n",
      " [-0.1117  0.3283 -0.7175  0.1527  0.2752 -0.0023  0.403   0.2088 -0.2448]\n",
      " [-0.4831  0.009   0.1505  0.1255 -0.1866  0.7323  0.0077  0.3963  0.0037]\n",
      " [-0.5005  0.0314  0.2267  0.0498 -0.2041 -0.6724  0.119   0.4316 -0.0219]\n",
      " [ 0.0467  0.5041  0.4811 -0.1799  0.475   0.0626  0.3867  0.0172  0.317 ]\n",
      " [-0.2794 -0.5628 -0.2201 -0.5893  0.3341  0.0162  0.1212  0.0649  0.2805]\n",
      " [-0.3828  0.5126 -0.166  -0.3855  0.038  -0.0286 -0.6061 -0.2103 -0.0263]]\n"
     ]
    }
   ],
   "source": [
    "# PCA 4\n",
    "import numpy as np \n",
    "X=np.array([[16,16,13,18,16,15,14,16,16],\n",
    "            [18,19,15,16,18,18,18,17,19],\n",
    "            [17,17,14,14,17,17,20,14,15],\n",
    "            [17,17,17,16,18,18,16,20,14],\n",
    "            [16,15,17,17,18,18,19,16,19],\n",
    "            [15,17,16,17,18,18,15,19,16],\n",
    "            [17,16,16,18,18,18,17,15,18],\n",
    "            [20,18,16,20,15,15,19,14,17],\n",
    "            [14,16,18,17,19,19,18,17,18],\n",
    "            [16,16,15,19,18,18,18,15,14],\n",
    "            [18,19,16,14,14,14,17,16,13],\n",
    "            [19,15,15,18,16,16,18,19,17]])\n",
    "print('\\nGiven Matrix is \\n')\n",
    "print(X)\n",
    "print('\\nCol Means are \\n\\n{}'.format(np.round(X.mean(axis=0),4)))\n",
    "X=(X-np.mean(X,axis=0))\n",
    "print('\\nScaled Matrix is \\n')\n",
    "print(np.round(X,4))\n",
    "VarCov=np.dot(np.transpose(X),X)/len(X)\n",
    "print('\\nVariance Covariance Matrix is \\n')\n",
    "print(np.round(VarCov,4))\n",
    "e1=np.linalg.eig(VarCov)\n",
    "print('\\nThe Eigen values are :\\n\\n{}'.format(np.round(e1[0],4)))\n",
    "print('\\nThe Eigen vectors are :\\n')\n",
    "print(np.round(e1[1],4))"
   ]
  },
  {
   "cell_type": "code",
   "execution_count": 54,
   "metadata": {},
   "outputs": [
    {
     "name": "stdout",
     "output_type": "stream",
     "text": [
      "\n",
      "Given Matrix is \n",
      "\n",
      "[[70 40 70]\n",
      " [70 70 10]\n",
      " [40 40 40]\n",
      " [40 40 70]\n",
      " [10 10 10]]\n",
      "\n",
      "Col Means are \n",
      "\n",
      "[46. 40. 40.]\n",
      "\n",
      "Scaled Matrix is \n",
      "\n",
      "[[ 24.   0.  30.]\n",
      " [ 24.  30. -30.]\n",
      " [ -6.   0.   0.]\n",
      " [ -6.   0.  30.]\n",
      " [-36. -30. -30.]]\n",
      "\n",
      "Variance Covariance Matrix is \n",
      "\n",
      "[[504. 360. 180.]\n",
      " [360. 360.   0.]\n",
      " [180.   0. 720.]]\n",
      "\n",
      "The Eigen values are :\n",
      "\n",
      "44.81966028263878, 910.0699530410367, 629.1103866763253\n",
      "\n",
      "The Eigen vectors are :\n",
      "\n",
      "[[ 0.6487899  -0.65580225 -0.3859988 ]\n",
      " [-0.74104991 -0.4291978  -0.51636642]\n",
      " [-0.17296443 -0.62105769  0.7644414 ]]\n"
     ]
    }
   ],
   "source": [
    "# PCA 5\n",
    "import numpy as np \n",
    "X=np.array([[70,40,70],[70,70,10],[40,40,40],[40,40,70],[10,10,10]])\n",
    "print('\\nGiven Matrix is \\n')\n",
    "print(X)\n",
    "print('\\nCol Means are \\n\\n{}'.format(X.mean(axis=0)))\n",
    "X = (X - np.mean(X, axis=0))\n",
    "print('\\nScaled Matrix is \\n')\n",
    "print(X)\n",
    "VarCov=np.dot(np.transpose(X),X)/len(X)\n",
    "print('\\nVariance Covariance Matrix is \\n')\n",
    "print(VarCov)\n",
    "e1=np.linalg.eig(VarCov)\n",
    "print('\\nThe Eigen values are :\\n\\n{}, {}, {}'.format(e1[0][0],e1[0][1],e1[0][2]))\n",
    "print('\\nThe Eigen vectors are :\\n')\n",
    "print(e1[1])"
   ]
  },
  {
   "cell_type": "code",
   "execution_count": 3,
   "metadata": {},
   "outputs": [
    {
     "name": "stdout",
     "output_type": "stream",
     "text": [
      "\n",
      "Gven Matrix is :\n",
      "[[ 2.   4. ]\n",
      " [ 1.   3. ]\n",
      " [ 0.   1. ]\n",
      " [-1.   0.5]]\n",
      "\n",
      "Mean Values\n",
      "[0.5   2.125]\n",
      "\n",
      "Standardized Matrix is :\n",
      "[[ 1.5    1.875]\n",
      " [ 0.5    0.875]\n",
      " [-0.5   -1.125]\n",
      " [-1.5   -1.625]]\n",
      "\n",
      "Variance Covariance Matrix is\n",
      "[[1.25     1.5625  ]\n",
      " [1.5625   2.046875]]\n",
      "\n",
      "Eigen Values are \n",
      "[3.26093826 0.03593674]\n",
      "\n",
      "Eigen Vectors are \n",
      "[[-0.6135581  -0.78964958]\n",
      " [-0.78964958  0.6135581 ]]\n",
      "\n",
      "Threshold Table :\n",
      "[98.90997556853128, 100.0]\n",
      "\n",
      "Retained Eigen Values :\n",
      "[3.2609382570250163, 0.03593674297498417]\n",
      "\n",
      "Retained Eigen Vectors: \n",
      "[[-0.6135581  -0.78964958]\n",
      " [-0.78964958  0.6135581 ]]\n",
      "\n",
      " PCA Matrix :\n",
      "[[-4.38571451  0.87493326]\n",
      " [-2.98250683  1.05102473]\n",
      " [-0.78964958  0.6135581 ]\n",
      " [ 0.21873332  1.09642863]]\n"
     ]
    }
   ],
   "source": [
    "# PCA 1\n",
    "import numpy as np \n",
    "import numpy.linalg as linalg\n",
    "import math\n",
    "X=np.array([[2,4],[1,3],[0,1],[-1,0.5]])\n",
    "print('\\nGven Matrix is :\\n{}'.format(X))\n",
    "print('\\nMean Values\\n{}'.format(np.mean(X,axis=0)))\n",
    "A=(X - np.mean(X, axis=0))\n",
    "print('\\nStandardized Matrix is :\\n{}'.format(A))\n",
    "VarCov=np.dot(np.transpose(A),A)/len(X)\n",
    "print('\\nVariance Covariance Matrix is\\n{}'.format(VarCov))\n",
    "eigenValues, eigenVectors = linalg.eig(VarCov)\n",
    "idx = eigenValues.argsort()[::-1]   \n",
    "eigenValues = eigenValues[idx]\n",
    "eigenVectors = eigenVectors[:,idx]\n",
    "print('\\nEigen Values are \\n{}'.format(eigenValues))\n",
    "print('\\nEigen Vectors are \\n{}'.format(eigenVectors))\n",
    "s=sum(list(eigenValues))\n",
    "t=[]\n",
    "stoppoint=0\n",
    "for i in range(np.size(eigenValues)):\n",
    "    l=list(eigenValues)\n",
    "    numerator=sum(l[0:i+1])\n",
    "    z=(numerator/s)*100\n",
    "    if z<=100:\n",
    "        stoppoint=i+1\n",
    "    t.append(z)\n",
    "print('\\nThreshold Table :\\n{}'.format(t))\n",
    "eigenValues=eigenValues.tolist()\n",
    "eigenValues=eigenValues[0:stoppoint]\n",
    "eigenVectors=eigenVectors[:,0:stoppoint]\n",
    "print('\\nRetained Eigen Values :\\n{}'.format(eigenValues))\n",
    "print('\\nRetained Eigen Vectors: \\n{}'.format(eigenVectors))\n",
    "print('\\n PCA Matrix :\\n{}'.format(np.dot(X,eigenVectors)))"
   ]
  },
  {
   "cell_type": "code",
   "execution_count": 4,
   "metadata": {},
   "outputs": [
    {
     "name": "stdout",
     "output_type": "stream",
     "text": [
      "\n",
      "Gven Matrix is :\n",
      "[[90 60 90]\n",
      " [90 90 30]\n",
      " [60 60 60]\n",
      " [60 60 90]\n",
      " [30 30 30]]\n",
      "\n",
      "Mean Values\n",
      "[66. 60. 60.]\n",
      "\n",
      "Standardized Matrix is :\n",
      "[[ 24.   0.  30.]\n",
      " [ 24.  30. -30.]\n",
      " [ -6.   0.   0.]\n",
      " [ -6.   0.  30.]\n",
      " [-36. -30. -30.]]\n",
      "\n",
      "Variance Covariance Matrix is\n",
      "[[504. 360. 180.]\n",
      " [360. 360.   0.]\n",
      " [180.   0. 720.]]\n",
      "\n",
      "Eigen Values are \n",
      "[910.06995304 629.11038668  44.81966028]\n",
      "\n",
      "Eigen Vectors are \n",
      "[[-0.65580225 -0.3859988   0.6487899 ]\n",
      " [-0.4291978  -0.51636642 -0.74104991]\n",
      " [-0.62105769  0.7644414  -0.17296443]]\n",
      "\n",
      "Threshold Table :\n",
      "[57.453911176833095, 97.17047599225765, 100.0]\n",
      "\n",
      "Retained Eigen Values :\n",
      "[910.0699530410367, 629.1103866763253, 44.81966028263878]\n",
      "\n",
      "Retained Eigen Vectors: \n",
      "[[-0.65580225 -0.3859988   0.6487899 ]\n",
      " [-0.4291978  -0.51636642 -0.74104991]\n",
      " [-0.62105769  0.7644414  -0.17296443]]\n",
      "\n",
      " PCA Matrix :\n",
      "[[-140.6692628     3.07784927   -1.63870252]\n",
      " [-116.28173533  -58.27962721  -13.4923342 ]\n",
      " [-102.36346447   -8.27542884  -15.91346662]\n",
      " [-120.99519515   14.65781313  -21.10239948]\n",
      " [ -51.18173223   -4.13771442   -7.95673331]]\n"
     ]
    }
   ],
   "source": [
    "# PCA 2\n",
    "import numpy as np \n",
    "import numpy.linalg as linalg\n",
    "import math\n",
    "X=np.array([[90,60,90],[90,90,30],[60,60,60],[60,60,90],[30,30,30]])\n",
    "print('\\nGven Matrix is :\\n{}'.format(X))\n",
    "print('\\nMean Values\\n{}'.format(np.mean(X,axis=0)))\n",
    "A=(X - np.mean(X, axis=0))\n",
    "print('\\nStandardized Matrix is :\\n{}'.format(A))\n",
    "VarCov=np.dot(np.transpose(A),A)/len(X)\n",
    "print('\\nVariance Covariance Matrix is\\n{}'.format(VarCov))\n",
    "eigenValues, eigenVectors = linalg.eig(VarCov)\n",
    "idx = eigenValues.argsort()[::-1]   \n",
    "eigenValues = eigenValues[idx]\n",
    "eigenVectors = eigenVectors[:,idx]\n",
    "print('\\nEigen Values are \\n{}'.format(eigenValues))\n",
    "print('\\nEigen Vectors are \\n{}'.format(eigenVectors))\n",
    "s=sum(list(eigenValues))\n",
    "t=[]\n",
    "stoppoint=0\n",
    "for i in range(np.size(eigenValues)):\n",
    "    l=list(eigenValues)\n",
    "    numerator=sum(l[0:i+1])\n",
    "    z=(numerator/s)*100\n",
    "    if z<=100:\n",
    "        stoppoint=i+1\n",
    "    t.append(z)\n",
    "print('\\nThreshold Table :\\n{}'.format(t))\n",
    "eigenValues=eigenValues.tolist()\n",
    "eigenValues=eigenValues[0:stoppoint]\n",
    "eigenVectors=eigenVectors[:,0:stoppoint]\n",
    "print('\\nRetained Eigen Values :\\n{}'.format(eigenValues))\n",
    "print('\\nRetained Eigen Vectors: \\n{}'.format(eigenVectors))\n",
    "print('\\n PCA Matrix :\\n{}'.format(np.dot(X,eigenVectors)))"
   ]
  },
  {
   "cell_type": "code",
   "execution_count": 5,
   "metadata": {},
   "outputs": [
    {
     "name": "stdout",
     "output_type": "stream",
     "text": [
      "\n",
      "Gven Matrix is :\n",
      "[[7 4 3]\n",
      " [4 1 8]\n",
      " [6 3 5]\n",
      " [8 6 1]\n",
      " [8 5 7]\n",
      " [7 2 9]\n",
      " [5 3 3]\n",
      " [9 5 8]\n",
      " [7 4 5]\n",
      " [8 2 2]]\n",
      "\n",
      "Mean Values\n",
      "[6.9 3.5 5.1]\n",
      "\n",
      "Standardized Matrix is :\n",
      "[[ 0.1  0.5 -2.1]\n",
      " [-2.9 -2.5  2.9]\n",
      " [-0.9 -0.5 -0.1]\n",
      " [ 1.1  2.5 -4.1]\n",
      " [ 1.1  1.5  1.9]\n",
      " [ 0.1 -1.5  3.9]\n",
      " [-1.9 -0.5 -2.1]\n",
      " [ 2.1  1.5  2.9]\n",
      " [ 0.1  0.5 -0.1]\n",
      " [ 1.1 -1.5 -3.1]]\n",
      "\n",
      "Variance Covariance Matrix is\n",
      "[[ 2.09  1.45 -0.39]\n",
      " [ 1.45  2.25 -1.15]\n",
      " [-0.39 -1.15  7.09]]\n",
      "\n",
      "Eigen Values are \n",
      "[7.44654832 3.30851634 0.67493534]\n",
      "\n",
      "Eigen Vectors are \n",
      "[[-0.1375708   0.69903712 -0.70172743]\n",
      " [-0.25045969  0.66088917  0.70745703]\n",
      " [ 0.95830278  0.27307986  0.08416157]]\n",
      "\n",
      "Threshold Table :\n",
      "[65.14915417643986, 94.09505391500156, 100.0]\n",
      "\n",
      "Retained Eigen Values :\n",
      "[7.446548322367076, 3.3085163401176017, 0.6749353375153229]\n",
      "\n",
      "Retained Eigen Vectors: \n",
      "[[-0.1375708   0.69903712 -0.70172743]\n",
      " [-0.25045969  0.66088917  0.70745703]\n",
      " [ 0.95830278  0.27307986  0.08416157]]\n",
      "\n",
      " PCA Matrix :\n",
      "[[ 0.91007402  8.3560561  -1.82977916]\n",
      " [ 6.86567938  5.64167652 -1.42616015]\n",
      " [ 3.21471006  7.54228952 -1.66718563]\n",
      " [-1.64502171  9.83071184 -1.28491566]\n",
      " [ 4.35525466 10.80830182 -1.48740329]\n",
      " [ 7.16081008  8.67275691 -2.73972383]\n",
      " [ 1.4356753   6.29709269 -1.13378134]\n",
      " [ 5.17598665 11.7804188  -2.10496915]\n",
      " [ 2.82667958  8.90221581 -1.66145603]\n",
      " [ 0.31511981  7.46023502 -4.03058222]]\n"
     ]
    }
   ],
   "source": [
    "# PCA 3\n",
    "import numpy as np \n",
    "import numpy.linalg as linalg\n",
    "import math\n",
    "X=np.array([[7,4,3],[4,1,8],[6,3,5],[8,6,1],[8,5,7],[7,2,9],[5,3,3],[9,5,8],[7,4,5],[8,2,2]])\n",
    "print('\\nGven Matrix is :\\n{}'.format(X))\n",
    "print('\\nMean Values\\n{}'.format(np.mean(X,axis=0)))\n",
    "A=(X - np.mean(X, axis=0))\n",
    "print('\\nStandardized Matrix is :\\n{}'.format(A))\n",
    "VarCov=np.dot(np.transpose(A),A)/len(X)\n",
    "print('\\nVariance Covariance Matrix is\\n{}'.format(VarCov))\n",
    "eigenValues, eigenVectors = linalg.eig(VarCov)\n",
    "idx = eigenValues.argsort()[::-1]   \n",
    "eigenValues = eigenValues[idx]\n",
    "eigenVectors = eigenVectors[:,idx]\n",
    "print('\\nEigen Values are \\n{}'.format(eigenValues))\n",
    "print('\\nEigen Vectors are \\n{}'.format(eigenVectors))\n",
    "s=sum(list(eigenValues))\n",
    "t=[]\n",
    "stoppoint=0\n",
    "for i in range(np.size(eigenValues)):\n",
    "    l=list(eigenValues)\n",
    "    numerator=sum(l[0:i+1])\n",
    "    z=(numerator/s)*100\n",
    "    if z<=100:\n",
    "        stoppoint=i+1\n",
    "    t.append(z)\n",
    "print('\\nThreshold Table :\\n{}'.format(t))\n",
    "eigenValues=eigenValues.tolist()\n",
    "eigenValues=eigenValues[0:stoppoint]\n",
    "eigenVectors=eigenVectors[:,0:stoppoint]\n",
    "print('\\nRetained Eigen Values :\\n{}'.format(eigenValues))\n",
    "print('\\nRetained Eigen Vectors: \\n{}'.format(eigenVectors))\n",
    "print('\\n PCA Matrix :\\n{}'.format(np.dot(X,eigenVectors)))"
   ]
  },
  {
   "cell_type": "code",
   "execution_count": 1,
   "metadata": {},
   "outputs": [
    {
     "name": "stdout",
     "output_type": "stream",
     "text": [
      "\n",
      "Gven Matrix is :\n",
      "[[16 16 13 18 16 15 14 16 16]\n",
      " [18 19 15 16 18 18 18 17 19]\n",
      " [17 17 14 14 17 17 20 14 15]\n",
      " [17 17 17 16 18 18 16 20 14]\n",
      " [16 15 17 17 18 18 19 16 19]\n",
      " [15 17 16 17 18 18 15 19 16]\n",
      " [17 16 16 18 18 18 17 15 18]\n",
      " [20 18 16 20 15 15 19 14 17]\n",
      " [14 16 18 17 19 19 18 17 18]\n",
      " [16 16 15 19 18 18 18 15 14]\n",
      " [18 19 16 14 14 14 17 16 13]\n",
      " [19 15 15 18 16 16 18 19 17]]\n",
      "\n",
      "Mean Values\n",
      "[16.92 16.75 15.67 17.   17.08 17.   17.42 16.5  16.33]\n",
      "\n",
      "Standardized Matrix is :\n",
      "[[-0.92 -0.75 -2.67  1.   -1.08 -2.   -3.42 -0.5  -0.33]\n",
      " [ 1.08  2.25 -0.67 -1.    0.92  1.    0.58  0.5   2.67]\n",
      " [ 0.08  0.25 -1.67 -3.   -0.08  0.    2.58 -2.5  -1.33]\n",
      " [ 0.08  0.25  1.33 -1.    0.92  1.   -1.42  3.5  -2.33]\n",
      " [-0.92 -1.75  1.33  0.    0.92  1.    1.58 -0.5   2.67]\n",
      " [-1.92  0.25  0.33  0.    0.92  1.   -2.42  2.5  -0.33]\n",
      " [ 0.08 -0.75  0.33  1.    0.92  1.   -0.42 -1.5   1.67]\n",
      " [ 3.08  1.25  0.33  3.   -2.08 -2.    1.58 -2.5   0.67]\n",
      " [-2.92 -0.75  2.33  0.    1.92  2.    0.58  0.5   1.67]\n",
      " [-0.92 -0.75 -0.67  2.    0.92  1.    0.58 -1.5  -2.33]\n",
      " [ 1.08  2.25  0.33 -3.   -3.08 -3.   -0.42 -0.5  -3.33]\n",
      " [ 2.08 -1.75 -0.67  1.   -1.08 -1.    0.58  2.5   0.67]]\n",
      "\n",
      "Variance Covariance Matrix is\n",
      "[[ 2.58  0.81 -0.53  0.33 -1.58 -1.5   0.87 -0.54 -0.14]\n",
      " [ 0.81  1.69 -0.08 -0.92 -0.73 -0.67  0.02 -0.29 -0.67]\n",
      " [-0.53 -0.08  1.72  0.    0.69  0.92  0.39  0.75  0.53]\n",
      " [ 0.33 -0.92  0.    3.    0.17  0.08 -0.25 -0.42  1.08]\n",
      " [-1.58 -0.73  0.69  0.17  2.08  2.17  0.05  0.71  1.14]\n",
      " [-1.5  -0.67  0.92  0.08  2.17  2.33  0.33  0.75  1.17]\n",
      " [ 0.87  0.02  0.39 -0.25  0.05  0.33  2.74 -1.54  0.78]\n",
      " [-0.54 -0.29  0.75 -0.42  0.71  0.75 -1.54  3.58 -0.17]\n",
      " [-0.14 -0.67  0.53  1.08  1.14  1.17  0.78 -0.17  3.72]]\n",
      "\n",
      "Eigen Values are \n",
      "[7.69 5.49 3.59 2.67 1.67 1.19 0.95 0.18 0.  ]\n",
      "\n",
      "Eigen Vectors are \n",
      "[[ 0.4   0.23 -0.15 -0.53  0.15  0.15  0.36 -0.56  0.06]\n",
      " [ 0.25 -0.08  0.24 -0.25 -0.23 -0.68  0.43  0.35  0.01]\n",
      " [-0.24 -0.01  0.16 -0.3   0.47 -0.53 -0.5  -0.27  0.08]\n",
      " [-0.11  0.33 -0.72  0.15  0.4  -0.24  0.21  0.27 -0.01]\n",
      " [-0.48  0.01  0.15  0.13  0.01  0.01  0.4  -0.16  0.74]\n",
      " [-0.5   0.03  0.23  0.05  0.12 -0.02  0.43 -0.22 -0.67]\n",
      " [ 0.05  0.5   0.48 -0.18  0.39  0.32  0.01  0.48  0.05]\n",
      " [-0.28 -0.56 -0.22 -0.59  0.12  0.28  0.06  0.34  0.01]\n",
      " [-0.38  0.51 -0.16 -0.39 -0.61 -0.03 -0.21  0.04 -0.03]]\n",
      "\n",
      "Threshold Table :\n",
      "[ 32.82  56.25  71.57  82.97  90.1   95.18  99.23 100.   100.  ]\n",
      "\n",
      "Retained Eigen Values :\n",
      "[7.69 5.49 3.59 2.67 1.67 1.19 0.95 0.18 0.  ]\n",
      "\n",
      "Retained Eigen Vectors: \n",
      "[[ 0.4   0.23 -0.15 -0.53  0.15  0.15  0.36 -0.56  0.06]\n",
      " [ 0.25 -0.08  0.24 -0.25 -0.23 -0.68  0.43  0.35  0.01]\n",
      " [-0.24 -0.01  0.16 -0.3   0.47 -0.53 -0.5  -0.27  0.08]\n",
      " [-0.11  0.33 -0.72  0.15  0.4  -0.24  0.21  0.27 -0.01]\n",
      " [-0.48  0.01  0.15  0.13  0.01  0.01  0.4  -0.16  0.74]\n",
      " [-0.5   0.03  0.23  0.05  0.12 -0.02  0.43 -0.22 -0.67]\n",
      " [ 0.05  0.5   0.48 -0.18  0.39  0.32  0.01  0.48  0.05]\n",
      " [-0.28 -0.56 -0.22 -0.59  0.12  0.28  0.06  0.34  0.01]\n",
      " [-0.38  0.51 -0.16 -0.39 -0.61 -0.03 -0.21  0.04 -0.03]]\n",
      "\n",
      " PCA Matrix :\n",
      "[[-19.74  15.02  -2.95 -29.05  11.61 -11.35  20.51   4.93   4.15]\n",
      " [-22.13  17.64   1.44 -33.83  11.59 -12.24  22.66   5.18   4.07]\n",
      " [-19.13  17.52   4.27 -30.01  13.36 -10.09  21.37   4.93   4.05]\n",
      " [-22.55  12.32   0.61 -32.86  15.47 -11.74  21.65   4.36   4.23]\n",
      " [-24.19  18.87   1.08 -31.81  13.82 -11.08  19.38   4.77   4.1 ]\n",
      " [-23.75  13.28  -0.55 -31.36  13.37 -12.41  21.15   5.28   3.9 ]\n",
      " [-22.85  18.41  -0.29 -30.8   13.38 -12.21  21.01   3.76   4.  ]\n",
      " [-17.67  20.53  -1.5  -32.51  15.05 -13.18  21.05   5.04   4.09]\n",
      " [-25.91  16.79   1.62 -31.14  14.23 -12.61  19.68   5.41   4.13]\n",
      " [-21.55  16.98   0.1  -28.44  15.99 -11.63  22.21   5.18   4.02]\n",
      " [-15.72  13.81   2.22 -32.04  13.89 -12.67  19.61   4.83   4.01]\n",
      " [-20.79  16.63  -1.99 -33.82  14.66  -9.21  20.6    5.12   4.01]]\n"
     ]
    }
   ],
   "source": [
    "# PCA 4\n",
    "import numpy as np \n",
    "import numpy.linalg as linalg\n",
    "import math\n",
    "X=X=np.array([[16,16,13,18,16,15,14,16,16],\n",
    "            [18,19,15,16,18,18,18,17,19],\n",
    "            [17,17,14,14,17,17,20,14,15],\n",
    "            [17,17,17,16,18,18,16,20,14],\n",
